GroupID    PID        MsgType       Flag
10         1593       0x00000000     1
10         0          0x00000000     1
10         1597       0x00000000     1
10         1601       0x00000000     1
10         1604       0x00000000     1
10         1599       0x00000000     1
10         1595       0x00000000     1
10         1600       0x00000000     1
10         1596       0x00000000     1
10         1594       0x00000000     1
10         1603       0x00000000     1
10         1778       0x00000000     1
10         2161       0x00000000     1
10         2378       0x00000000     1
10         2156       0x00000000     1
10         2551       0x00000000     1
10         1611       0x00000000     1
10         3029       0x00000000     1
10         3028       0x00000000     1
10         3030       0x00000000     1
10         3054       0x00000000     1
10         3076       0x00000000     1
10         3085       0x00000000     1
10         3935       0x00000000     1
10         3949       0x00000000     1
